int 2
program 1
( 19
int 2
a 1
, 26
int 2
b 1
, 26
int 2
c 1
) 20
{ 21
int 2
i 1
; 25
int 2
j 1
; 25
i 1
= 10
0 0
 ; 25
if 4
( 19
a 1
> 15
( 19
b 1
+ 8
c 1
) 20
) 20
{ 21
j 1
= 10
a 1
+ 8
( 19
b 1
* 17
c 1
+ 8
1 0
 ) 20
; 25
} 22
else 5
{ 21
j 1
= 10
a 1
; 25
} 22
while 6
( 19
i 1
<= 13
100 0
 ) 20
{ 21
i 1
= 10
i 1
+ 8
j 1
* 17
2 0
 ; 25
} 22
return 7
i 1
; 25
} 22
int 2
demo 1
( 19
int 2
a 1
) 20
{ 21
int 2
b 1
; 25
b 1
= 10
a 1
+ 8
2 0
 ; 25
return 7
b 1
* 17
2 0
 ; 25
} 22
void 3
main 1
( 19
) 20
{ 21
int 2
a 1
[ 23
2 0
 ] 24
[ 23
2 0
 ] 24
; 25
a 1
[ 23
0 0
 ] 24
[ 23
0 0
 ] 24
= 10
1 0
 ; 25
a 1
[ 23
0 0
 ] 24
[ 23
1 0
 ] 24
= 10
a 1
[ 23
0 0
 ] 24
[ 23
0 0
 ] 24
+ 8
1 0
 ; 25
a 1
[ 23
1 0
 ] 24
[ 23
0 0
 ] 24
= 10
a 1
[ 23
0 0
 ] 24
[ 23
0 0
 ] 24
+ 8
a 1
[ 23
0 0
 ] 24
[ 23
1 0
 ] 24
; 25
a 1
[ 23
1 0
 ] 24
[ 23
1 0
 ] 24
= 10
program 1
( 19
a 1
[ 23
0 0
 ] 24
[ 23
0 0
 ] 24
, 26
a 1
[ 23
0 0
 ] 24
[ 23
1 0
 ] 24
, 26
demo 1
( 19
a 1
[ 23
1 0
 ] 24
[ 23
0 0
 ] 24
) 20
) 20
; 25
return 7
; 25
} 22
